# Plane Data
# Map: 100.00, 50.00 : 10 6
# Number of Planes: 100
# x y vx vy
0 47.83633 3.27652 -0.41423 0.07794
1 17.11402 8.78723 -0.36607 0.03621
2 15.37492 20.27398 0.01260 0.61355
3 36.68571 42.42259 0.39372 -0.35518
4 97.39655 33.40868 0.24993 -0.54764
5 35.59767 15.30208 -0.43240 0.31174
6 94.27019 22.50516 0.17782 0.38801
7 66.11137 25.98467 -0.44444 -0.10575
8 91.85239 38.78264 -0.15850 0.47969
9 17.79375 42.76899 -0.45627 -0.22318
10 54.50725 11.43141 0.19964 -0.59426
11 50.29778 43.95276 -0.41126 0.26792
12 50.41813 1.48384 -0.30323 -0.25222
13 8.20669 38.63776 0.37618 -0.19592
14 25.92041 26.96042 0.01890 0.59732
15 41.08778 43.94237 0.33611 -0.21990
16 62.35630 35.00497 0.04360 -0.53788
17 88.10337 13.78741 -0.20810 0.46338
18 62.84743 20.53259 0.26880 -0.30175
19 62.74078 43.34325 -0.08829 0.62504
20 97.64153 5.55426 -0.44477 -0.29756
21 83.15919 16.72767 -0.35811 0.52260
22 97.12655 4.58815 0.33911 0.22478
23 24.65716 44.74887 -0.26824 0.26250
24 60.56030 40.74737 -0.31844 0.21588
25 12.11267 15.02563 0.19646 0.34480
26 35.53764 41.17020 0.43218 -0.14464
27 0.75551 9.00539 0.36917 -0.16512
28 21.68341 44.29372 -0.52304 -0.01075
29 41.09188 31.24973 0.45009 0.03305
30 56.62402 43.33954 -0.46431 -0.14775
31 78.33630 8.33999 0.50010 0.15337
32 69.37816 34.34852 0.60983 -0.12198
33 34.50435 10.83056 0.32386 -0.17027
34 97.91126 17.95465 0.16000 0.41149
35 61.36830 35.21241 -0.62021 -0.05575
36 11.34333 32.50324 0.38572 0.32952
37 92.56582 9.79765 -0.03842 -0.49802
38 75.85628 42.87361 0.57892 -0.02009
39 17.65015 17.42796 -0.33666 -0.23364
40 72.28198 49.03440 -0.25431 -0.43026
41 10.84388 16.80295 -0.24003 0.38433
42 64.21779 9.88911 -0.40457 0.33415
43 33.67280 43.55616 -0.43487 -0.19980
44 62.68055 7.50243 -0.36591 -0.23056
45 52.61426 42.34650 -0.50386 0.17512
46 18.39899 41.91140 0.12012 -0.37795
47 26.35129 49.62563 -0.07766 0.38252
48 81.25242 0.01002 -0.21453 0.59094
49 71.12167 30.19617 -0.22062 0.31389
50 23.11506 14.67949 0.06720 0.37558
51 6.80726 23.75804 -0.28937 -0.19883
52 31.68493 40.50226 0.53172 0.02215
53 45.78206 34.04648 -0.55905 -0.09284
54 1.63771 9.97739 0.34009 -0.36619
55 36.78135 14.47463 -0.56537 -0.28498
56 67.18233 41.43369 -0.04491 -0.39411
57 48.55596 15.60157 -0.37152 -0.49698
58 67.44829 3.53360 -0.55784 0.27219
59 57.18079 42.70580 -0.16154 -0.60390
60 24.83800 6.93826 0.04222 0.41303
61 21.74448 25.23492 -0.37777 -0.48125
62 50.39929 46.77717 -0.06146 0.34876
63 68.08074 21.10238 -0.35956 -0.08652
64 52.29166 22.59413 -0.30707 -0.20019
65 97.47658 44.39679 0.56223 -0.02333
66 66.22698 20.71941 -0.31137 -0.18283
67 8.18136 3.90445 0.42663 -0.21996
68 8.05717 38.22175 0.28108 0.31955
69 38.26021 34.22531 0.06822 -0.43522
70 87.73917 25.65541 0.43984 -0.33934
71 14.43648 24.97896 -0.02031 0.60416
72 7.18144 9.03581 0.48041 -0.01833
73 3.05896 8.64131 0.51631 0.00704
74 51.43646 19.34590 -0.56134 0.29832
75 23.36991 2.51079 0.38506 -0.28956
76 23.39338 15.84336 -0.33627 -0.30071
77 27.27486 22.09249 0.16730 0.49352
78 61.66926 42.13660 0.40122 -0.40170
79 61.91764 43.42354 -0.37154 0.07487
80 94.49417 47.43660 -0.07868 0.45109
81 54.64041 46.05225 -0.13445 -0.48422
82 83.79985 36.41936 -0.30843 -0.51872
83 0.68770 6.18582 -0.35313 -0.30717
84 32.68311 23.51377 -0.33954 0.15767
85 89.70515 15.93841 0.45455 -0.00499
86 92.61305 17.08702 -0.35246 0.12712
87 31.36286 26.06188 -0.44410 0.10285
88 37.77192 17.49863 0.63626 -0.02571
89 19.52438 42.88171 0.08862 0.43537
90 18.93288 30.26992 -0.32077 0.20565
91 33.46497 22.70707 -0.57958 0.15233
92 17.74758 20.29812 0.31038 -0.45341
93 42.90231 4.06302 0.22538 0.33799
94 48.93414 13.46853 0.22820 -0.35948
95 35.05292 9.32518 -0.34169 0.13798
96 30.41538 8.24820 -0.38780 -0.04771
97 63.62475 27.80728 -0.10737 0.49522
98 49.69538 42.31414 0.49519 0.40761
99 59.48248 36.95193 -0.58794 0.26446
