# Plane Data
# Map: 100.00, 50.00 : 10 6
# Number of Planes: 1000
# x y vx vy
0 87.53757 39.48834 0.15409 0.39847
1 37.60397 42.02532 0.50709 -0.16367
2 61.05699 47.94163 -0.57597 -0.04013
3 13.13686 6.64770 -0.28596 0.57701
4 76.21506 1.27609 0.08137 0.58594
5 87.20514 38.20199 -0.53010 -0.17927
6 45.72444 49.95080 -0.06162 -0.56577
7 35.36569 1.79767 -0.50374 0.30244
8 83.41773 46.47175 -0.43988 0.03681
9 35.17945 39.42606 -0.15193 -0.44247
10 22.47445 37.04459 0.21696 0.60202
11 45.64675 31.23218 0.34230 0.21591
12 42.03682 10.88827 0.28549 0.41653
13 78.89956 22.54487 -0.42205 -0.14303
14 17.16529 11.88228 -0.39212 0.37011
15 77.12450 4.70983 0.34203 0.20654
16 99.20107 4.18881 0.45951 0.45104
17 23.98495 42.54331 0.14096 0.39799
18 28.88220 38.98961 -0.22143 0.36781
19 17.20256 44.69363 -0.55765 -0.03221
20 17.06867 31.98088 0.04875 -0.34722
21 73.28438 32.37335 -0.37129 -0.36683
22 83.51628 25.95919 0.36116 0.50737
23 38.68045 13.89106 -0.57256 -0.09649
24 6.12537 16.36742 -0.30780 -0.38876
25 9.34189 2.25178 -0.26244 0.49141
26 55.66717 48.79235 0.10368 -0.35405
27 97.66302 8.18336 -0.13362 0.54350
28 49.66992 39.96842 -0.00487 0.47385
29 54.41535 12.04062 0.40200 0.04480
30 33.29882 29.05702 0.11494 0.57511
31 82.81345 22.84171 0.41576 0.46373
32 97.48018 33.87345 0.50245 0.13074
33 38.08301 32.92004 -0.33995 0.33832
34 40.94288 37.29976 0.30082 -0.35063
35 53.67118 44.02685 -0.01165 -0.39172
36 19.58621 18.80710 0.50248 -0.24649
37 68.11765 10.15952 -0.29517 0.47044
38 23.67715 12.11070 -0.57180 0.21397
39 46.50398 48.20715 -0.27253 0.37114
40 33.92471 40.44841 -0.37392 0.19623
41 35.20639 32.30624 0.61681 0.13810
42 62.08101 32.14692 -0.08113 0.48056
43 94.66232 40.39323 0.15816 0.37002
44 6.40057 36.03922 0.15947 0.31862
45 4.42836 1.84854 -0.30292 -0.27775
46 6.09306 48.95842 0.39488 0.39225
47 71.43342 45.74916 -0.48628 -0.37074
48 24.29626 16.97870 -0.00199 0.38106
49 93.10291 2.74213 0.29428 -0.56753
50 75.42974 29.35097 0.34613 0.06918
51 30.76792 43.00408 0.16686 -0.47588
52 33.82305 28.34137 -0.11347 -0.39766
53 68.93895 28.99341 0.30255 0.28159
54 51.31567 39.65891 0.36288 -0.04744
55 48.38415 46.89901 0.42782 0.00967
56 23.98467 8.70517 0.31867 -0.22864
57 41.69116 4.93539 -0.46770 -0.00235
58 64.97729 37.58413 -0.38824 0.41553
59 60.24906 25.89316 -0.33244 0.34896
60 43.54916 9.22454 -0.34734 -0.53983
61 50.37295 24.89930 -0.31292 -0.55747
62 3.89534 40.54723 0.09625 -0.58632
63 75.24135 37.53829 -0.33792 -0.22457
64 25.15931 20.42379 0.37421 0.07480
65 6.31805 1.08531 -0.44487 0.02305
66 72.57752 41.83676 -0.15420 -0.45360
67 20.60036 35.83774 -0.39324 0.01852
68 68.01020 12.67151 0.34066 -0.30934
69 25.12379 25.56653 0.30772 0.20856
70 69.21068 40.50610 0.46467 0.31313
71 88.84972 11.09761 -0.62559 -0.13832
72 56.08710 16.28170 0.38619 0.13928
73 43.18232 29.83529 -0.25531 -0.36462
74 95.59435 45.51912 0.48704 0.40028
75 44.64858 9.03664 0.48807 0.27722
76 91.27626 7.79360 0.52312 -0.11065
77 97.08513 2.70297 0.34983 -0.10985
78 26.74114 3.16078 0.09671 0.43078
79 42.95743 8.79398 -0.49053 -0.19406
80 29.45508 44.35442 0.47650 -0.14159
81 87.17161 18.50240 0.34746 0.12953
82 48.17839 23.65717 0.09915 -0.51468
83 4.72770 38.12808 -0.06792 -0.39643
84 60.89849 24.03626 -0.56930 0.30568
85 40.02763 13.64104 -0.41007 -0.32373
86 45.43701 14.77893 0.36118 0.52008
87 22.81340 30.74330 0.16644 -0.37543
88 29.06695 43.05494 -0.35115 -0.45306
89 96.08224 8.30887 0.60687 -0.21167
90 30.22805 12.59895 -0.31195 -0.29619
91 96.64719 32.70487 -0.35007 0.36568
92 44.34939 43.67110 0.60319 0.21220
93 41.26455 14.61192 -0.43774 0.09493
94 12.72297 43.40112 -0.22144 -0.59868
95 84.26739 23.57407 -0.44820 0.34452
96 78.62398 46.35840 -0.42260 -0.34202
97 7.63509 26.07991 0.05307 0.59073
98 57.84368 43.51890 0.18534 -0.45282
99 11.09031 9.93458 0.59711 0.17513
100 0.85803 29.50081 0.37780 -0.08412
101 10.32222 25.32893 0.43749 -0.19624
102 50.83543 4.05508 -0.29795 0.31038
103 64.39441 15.37453 0.41515 -0.16601
104 63.55213 5.28999 -0.32210 0.30891
105 78.87750 16.03683 -0.48202 0.06781
106 22.77448 35.90746 0.38156 -0.09265
107 11.02632 1.35787 -0.32842 0.30192
108 97.63256 10.20544 0.22546 -0.47275
109 7.08780 11.51074 0.16748 -0.49448
110 17.19608 38.66537 0.60271 0.22410
111 21.09738 14.53886 0.21062 -0.30773
112 50.24314 10.28583 -0.24650 -0.44028
113 9.64028 10.78141 -0.06301 0.55078
114 1.58470 39.68289 -0.26696 0.52846
115 34.59449 37.45671 -0.34631 0.12763
116 14.91461 11.37882 -0.00025 -0.50691
117 49.92050 32.17336 0.23466 0.26497
118 68.98824 47.87450 -0.07599 -0.45408
119 37.73287 46.48487 0.31744 0.26852
120 75.62530 34.93499 0.10432 0.58940
121 79.45128 36.43344 0.02413 -0.39963
122 91.11340 20.95697 -0.22412 0.44426
123 77.52610 10.17390 -0.18478 0.41933
124 93.45573 35.73484 0.12250 -0.38336
125 49.63035 3.52465 0.50173 0.28386
126 32.46268 31.11659 0.24963 -0.29066
127 76.93060 13.11928 -0.52601 -0.17040
128 8.65079 16.90002 -0.23482 0.53818
129 26.71567 22.03997 0.35174 0.24399
130 73.76558 11.27433 0.05105 0.36094
131 74.88002 44.00109 -0.56413 -0.24131
132 70.69664 45.58786 -0.25586 -0.40541
133 73.63564 45.50245 -0.22021 0.40961
134 0.80303 48.38586 0.44647 -0.09180
135 27.14032 4.35885 0.37761 0.03613
136 91.27933 18.39084 0.36478 0.12722
137 4.26500 5.97694 0.28076 -0.51386
138 43.65468 43.76594 0.40717 0.07558
139 97.18408 9.14421 0.63669 0.06027
140 82.81324 6.36281 -0.31775 0.26677
141 73.39961 25.06348 0.52258 0.16934
142 49.50472 38.96857 0.37673 -0.51962
143 82.32006 33.59143 0.35263 -0.01837
144 88.23931 19.67565 -0.19527 0.43514
145 95.85754 36.82960 -0.57202 -0.06708
146 26.76604 0.39737 0.11950 0.42596
147 87.91253 37.63424 -0.37455 -0.14080
148 4.47604 1.91005 -0.24588 -0.29846
149 42.23056 18.22306 -0.51143 0.24173
150 84.84735 28.18003 0.22621 -0.29466
151 77.35248 20.95798 0.24670 0.32356
152 89.79548 2.06003 0.43712 0.05628
153 65.93053 0.98950 -0.13966 -0.49158
154 40.70902 15.75510 0.47381 0.33767
155 17.38046 18.81688 -0.22366 0.60807
156 1.79554 41.31337 -0.24709 0.40614
157 37.91076 37.14636 0.52134 0.04898
158 32.11648 16.61324 0.59756 -0.20197
159 38.99815 43.20263 -0.13884 0.56842
160 36.17861 2.10288 -0.10323 0.48000
161 94.63666 30.93300 0.05559 -0.35656
162 87.86219 29.59664 -0.23368 0.27718
163 85.44955 27.23962 0.49759 0.08836
164 81.25103 22.78134 0.38685 0.49282
165 73.96806 31.26993 -0.35869 0.27684
166 26.14138 19.26676 0.02277 0.42868
167 93.46249 17.85904 0.53174 0.31328
168 75.28912 39.30123 -0.00103 -0.50843
169 51.16035 1.62711 -0.28240 -0.36684
170 86.15849 3.49675 0.02519 0.54144
171 6.68768 17.02103 -0.47014 -0.08952
172 43.23262 37.78603 -0.15288 0.52428
173 71.94141 1.64247 -0.36559 0.41538
174 48.83229 32.63114 -0.10621 0.56084
175 33.74103 29.89019 0.39946 -0.39406
176 92.72243 40.96401 0.02109 -0.52425
177 9.98847 36.16176 0.27488 0.55603
178 14.98210 3.06260 0.59999 -0.19522
179 30.83304 31.11974 0.49685 0.28110
180 10.90964 28.38906 -0.54254 -0.08641
181 62.96848 8.73757 0.23311 -0.37884
182 49.51253 26.50266 -0.61814 -0.05570
183 62.82304 32.54995 0.51046 0.35207
184 81.26030 1.62909 0.01958 0.49020
185 34.35915 18.80302 -0.33438 -0.22491
186 77.82510 32.79202 -0.18724 -0.40547
187 24.61417 9.33905 -0.54269 0.17434
188 90.72632 46.67411 0.29470 -0.21005
189 50.44682 2.07075 -0.42795 0.26228
190 87.15939 36.81296 0.02746 -0.35240
191 47.94582 27.14302 0.52874 0.23458
192 98.18336 10.74993 0.56794 0.21043
193 66.13825 44.25788 0.10286 -0.63356
194 17.25190 22.04510 -0.03547 -0.51736
195 71.55249 16.47649 -0.33431 0.31150
196 29.42233 46.28408 -0.18342 0.37151
197 8.80980 17.00133 0.15386 0.33086
198 90.23823 8.62428 0.45327 0.15749
199 82.78731 26.72976 0.27370 -0.28855
200 8.83267 15.90354 0.15928 -0.55152
201 2.29095 14.11406 0.60999 0.07008
202 77.28155 1.16007 0.08153 0.55340
203 84.82578 3.59756 -0.15363 0.47948
204 59.10131 48.03708 -0.14374 -0.45180
205 76.11952 17.61265 0.40329 -0.36505
206 99.87528 2.35167 0.35841 0.18465
207 21.69883 39.16881 -0.42972 -0.20164
208 89.42963 19.22840 0.02049 0.63169
209 13.65856 28.97995 0.16673 -0.31015
210 72.67644 2.54823 -0.36048 -0.12062
211 49.07274 42.48826 0.05917 0.44823
212 28.49232 32.20101 0.24687 0.40209
213 15.39240 20.62563 -0.26596 0.27033
214 11.46432 42.92219 -0.25448 0.24744
215 90.76584 39.06727 0.40375 0.27838
216 36.44999 30.94564 0.06093 -0.44389
217 34.41862 38.67487 0.31173 -0.54148
218 80.92252 38.17890 -0.40533 -0.00149
219 96.39994 43.05192 0.59869 0.13914
220 57.06807 3.94952 0.34549 -0.38862
221 88.47906 19.41765 0.36791 -0.03687
222 61.62873 36.22444 0.07322 0.54396
223 22.61849 16.25156 -0.42766 -0.38928
224 44.24417 40.55397 -0.48412 0.11830
225 97.45035 1.33921 -0.54859 -0.27270
226 79.29283 16.64264 0.13614 -0.44238
227 62.02662 22.83488 0.01241 -0.45380
228 75.45487 37.78677 0.28517 -0.49220
229 69.71515 29.12549 -0.04527 -0.47086
230 98.27512 34.12729 -0.29286 0.52744
231 48.27359 39.98047 -0.28319 -0.32573
232 74.15574 44.93078 -0.10054 0.48097
233 78.83215 5.39190 0.29219 0.19289
234 92.38858 31.21594 0.15552 0.46777
235 97.30504 2.92075 -0.51219 -0.06460
236 37.22862 19.42507 -0.30355 -0.55293
237 5.14930 7.22586 -0.36761 -0.23299
238 36.77166 11.04967 0.50765 -0.33641
239 73.94352 22.10463 0.07245 0.63820
240 70.04673 10.72943 -0.05675 -0.41207
241 52.24810 40.60711 0.36460 0.05645
242 25.00914 34.76014 -0.49327 0.10241
243 84.08549 29.20135 0.41328 0.45527
244 24.29262 47.23844 0.30178 0.20067
245 16.72281 24.65587 0.51010 -0.16634
246 49.14870 25.66768 0.47723 -0.34250
247 84.16525 1.76147 0.43536 0.19938
248 8.37210 38.30525 -0.56244 -0.08275
249 87.99640 11.99396 -0.16278 -0.32176
250 70.01587 23.75065 0.42993 0.09421
251 9.90399 6.44086 0.09646 -0.34223
252 45.03957 37.86709 -0.43515 0.43518
253 35.69200 4.20493 -0.31453 0.36330
254 45.56606 20.18160 -0.36368 0.22006
255 76.17362 44.76308 -0.01847 -0.49103
256 94.05783 20.48275 0.57436 -0.29503
257 77.49671 31.10513 0.14516 -0.44708
258 91.99666 18.17937 -0.09027 -0.50141
259 19.13891 18.33087 0.08075 -0.52783
260 25.54177 29.71578 -0.44949 0.02247
261 36.78426 40.75089 -0.25665 -0.31683
262 47.10184 38.01172 -0.33949 0.24911
263 77.71297 35.81204 -0.46712 -0.40606
264 77.10391 48.59521 0.42580 -0.03124
265 27.31674 17.29746 0.32611 -0.27906
266 91.67718 45.69331 -0.45197 0.01568
267 6.44003 45.57640 0.44095 0.27506
268 56.24597 3.24782 0.56481 0.15389
269 90.64958 32.99970 -0.27769 -0.38183
270 91.73287 13.38793 -0.21470 0.39153
271 88.34913 36.55612 0.24733 -0.47469
272 82.61873 39.68402 0.35057 -0.01080
273 87.03240 8.31890 0.29166 0.50463
274 49.17540 11.34432 0.51360 -0.39724
275 38.00317 2.13372 -0.49275 0.01220
276 96.73613 42.43807 -0.42582 -0.21259
277 70.21493 45.65721 0.55614 -0.24764
278 99.61333 35.65318 0.53150 -0.04829
279 26.70398 19.33761 -0.13709 0.42985
280 89.21801 15.77392 -0.52059 -0.18692
281 50.58068 32.21270 -0.30737 -0.42580
282 3.71783 14.58534 0.43570 0.06754
283 18.27616 1.93876 -0.36439 0.28834
284 10.98314 19.04989 0.04893 0.46341
285 2.64990 41.53297 0.06975 0.54973
286 43.25932 0.34483 0.20490 0.31741
287 90.82203 36.85684 0.17556 -0.53603
288 35.16065 9.71370 0.35107 0.48158
289 69.02317 3.88241 -0.17756 0.37904
290 72.60813 23.98419 0.56493 0.17760
291 61.65321 4.51798 0.47770 0.25502
292 83.79246 12.60198 0.12569 0.36364
293 63.46992 34.29986 0.38890 0.46563
294 15.86793 42.55500 0.34265 -0.53649
295 76.64810 4.61541 0.51809 0.24310
296 22.17986 44.65350 0.36996 0.02101
297 75.34980 49.84452 0.44457 0.15639
298 31.12580 9.73127 -0.32074 -0.40186
299 12.23582 27.68759 0.30540 0.41614
300 41.22995 23.08393 0.03001 0.49882
301 15.20218 10.57249 0.44740 -0.10359
302 77.56186 18.09892 -0.48184 -0.28450
303 80.01679 17.29532 0.41633 -0.44218
304 67.39472 0.36872 -0.42568 -0.39618
305 3.92239 36.55018 0.64745 0.00494
306 83.52903 17.23902 0.41983 -0.15795
307 85.96082 41.41017 -0.42459 -0.47874
308 36.25145 28.36067 -0.22607 -0.47052
309 69.14799 3.60742 0.17295 0.39808
310 88.05945 20.06531 0.27686 0.22597
311 89.13555 41.14294 -0.25790 0.26793
312 63.59309 34.09658 -0.37193 0.24348
313 4.93882 16.48721 -0.49549 -0.37155
314 38.79804 17.44986 0.40507 -0.42133
315 15.43001 32.03578 -0.11117 0.63253
316 41.63421 26.50506 0.39270 -0.14224
317 59.07749 36.32595 0.25530 0.32956
318 29.18412 40.99157 -0.13720 -0.51710
319 40.82485 31.65592 -0.46545 0.26539
320 63.74271 39.93845 0.13799 -0.42504
321 38.14822 5.75122 -0.02352 -0.50581
322 41.80121 43.44088 0.28015 0.42583
323 23.66375 15.97193 -0.49104 -0.16393
324 23.47565 30.81895 -0.01700 0.48775
325 5.15720 37.64600 -0.56423 -0.14861
326 23.38294 2.85737 0.49242 -0.06115
327 86.16944 12.29375 -0.34111 0.53516
328 31.86684 48.63698 0.21808 -0.34495
329 37.41135 3.25890 -0.49137 0.18424
330 48.15574 24.06167 -0.38788 -0.03418
331 32.72065 35.35160 -0.31449 -0.52620
332 69.56990 27.52946 0.09362 0.36502
333 18.73727 7.86713 -0.10940 -0.51642
334 91.51324 29.68807 0.00888 0.44387
335 46.50367 22.92580 -0.49569 -0.11308
336 65.38673 30.21824 -0.41931 0.27992
337 51.89117 19.09722 0.09144 0.40391
338 35.47366 39.76991 -0.49731 -0.25251
339 10.47464 34.14278 0.20831 -0.29125
340 49.72528 36.88491 0.37835 -0.03992
341 12.92283 28.72114 -0.56094 0.14226
342 55.91591 1.87611 0.52213 0.19626
343 25.37554 16.38949 -0.17149 0.35082
344 27.08763 18.77654 -0.40229 0.31668
345 8.09929 4.52466 -0.35762 -0.11504
346 39.93078 43.88869 -0.51983 0.12160
347 64.19071 10.69051 -0.06585 -0.61839
348 51.75355 11.93273 0.21739 0.39557
349 99.52451 27.33653 -0.21859 -0.38783
350 23.41280 6.66455 -0.40235 -0.46855
351 99.37133 14.41898 -0.07644 -0.36034
352 8.03225 32.32774 0.48358 0.08379
353 60.33301 28.64387 0.36445 0.51699
354 45.99012 0.15015 -0.20234 0.52332
355 75.23049 31.71234 -0.61347 0.03964
356 36.57813 44.58046 0.43082 0.28192
357 99.87338 32.18756 0.17712 -0.54273
358 93.19851 34.85174 0.55019 -0.15701
359 92.77603 36.23246 0.30119 -0.31892
360 67.27624 37.33124 0.34419 -0.27728
361 39.06299 28.19005 -0.53681 -0.26689
362 45.19182 35.97145 0.33416 -0.22103
363 97.12627 10.55582 0.05558 -0.52835
364 32.74769 37.18521 0.46548 -0.37643
365 86.57647 35.32790 -0.40156 0.01096
366 53.72347 29.53883 0.36346 0.48976
367 39.93124 14.69208 -0.48597 0.14375
368 46.57788 6.63005 0.33928 -0.13209
369 50.57494 14.73885 0.38612 0.42495
370 1.53486 44.77185 0.55106 -0.18116
371 32.48328 4.91421 -0.25216 0.28025
372 37.48144 44.02695 0.37763 0.19649
373 64.05955 27.86832 0.53029 -0.09289
374 52.40337 32.68205 0.36412 -0.28077
375 99.84080 5.32748 0.20599 0.33671
376 47.62505 34.99758 -0.58402 0.13565
377 88.84789 39.74494 -0.43425 0.38558
378 79.11954 24.83250 0.01604 -0.56807
379 77.09391 19.89541 -0.43510 -0.32762
380 89.94518 31.08243 -0.55141 0.15857
381 39.94094 41.81351 0.36576 -0.09492
382 47.07693 40.82517 0.13068 -0.32706
383 81.00515 41.15994 0.13410 -0.48463
384 75.11972 14.16930 0.20886 0.59739
385 47.99812 12.20550 0.28465 0.23931
386 73.00664 14.37906 -0.22158 0.41629
387 38.29362 47.94444 -0.04430 -0.48437
388 82.30091 47.98241 -0.43964 0.16675
389 27.58884 43.80799 0.30850 -0.53308
390 8.53888 16.76691 -0.41700 -0.19019
391 47.42630 21.08261 -0.22116 -0.30833
392 30.53956 37.25035 -0.47436 -0.24805
393 96.33058 10.86877 0.03689 -0.35623
394 25.86265 39.19502 0.37971 -0.04529
395 36.92770 1.23385 -0.36402 0.17068
396 36.69456 18.19235 0.04450 0.54114
397 44.30926 25.41975 0.61816 -0.09859
398 50.51442 26.18321 -0.25950 0.34227
399 81.05094 0.03353 0.22792 0.28155
400 18.37250 8.19812 0.18807 -0.30297
401 23.68888 7.77350 0.34890 0.25218
402 8.37265 20.40450 0.49637 -0.00862
403 6.17601 32.61740 0.51387 0.37912
404 26.70371 9.00710 -0.26468 0.29633
405 61.29296 24.76727 -0.59912 -0.09316
406 22.47794 4.07332 -0.22132 0.36513
407 10.53172 34.49366 0.20082 -0.55211
408 31.04620 3.74342 0.34971 -0.05620
409 30.94743 20.81877 -0.10482 0.37315
410 38.61790 2.83741 0.08228 -0.36598
411 64.87471 28.29642 0.31650 -0.30997
412 28.26686 1.86675 0.49239 0.35841
413 54.58862 12.85253 -0.16134 0.60639
414 61.50850 6.58505 -0.48970 -0.31563
415 22.52978 10.08336 0.55576 -0.26621
416 60.37523 28.65134 0.32474 0.23407
417 54.74412 35.58525 -0.63059 -0.08488
418 82.45802 20.88210 -0.33694 -0.41200
419 15.80064 13.58767 -0.10243 -0.37876
420 93.43130 12.28198 0.28160 -0.41035
421 10.12513 36.76073 -0.55430 0.22975
422 26.74617 7.05504 0.51065 -0.17924
423 31.14263 48.49574 -0.17813 -0.34919
424 70.91050 44.36143 -0.16483 -0.43593
425 30.12525 45.64328 0.47653 -0.42333
426 23.08115 26.50905 -0.10607 0.38296
427 64.32211 9.85593 -0.18872 0.52394
428 72.95265 0.85838 -0.43139 0.28637
429 34.27320 3.87737 -0.37405 0.22172
430 73.71408 36.35155 -0.37220 0.02233
431 83.73717 0.55588 -0.50398 0.01226
432 71.71706 23.40893 -0.01179 -0.62549
433 53.60977 4.01928 -0.46075 0.20502
434 57.07233 47.31688 0.28753 0.50852
435 63.72152 1.19410 -0.46831 -0.29106
436 3.42294 26.60800 -0.06932 0.64148
437 93.63616 20.67848 0.05912 0.62759
438 8.76616 23.14646 -0.26161 -0.23677
439 62.81703 37.30501 0.39052 -0.38711
440 13.09563 8.80033 0.23872 0.54632
441 37.92363 36.44487 -0.12630 0.44809
442 88.39450 47.12748 0.40663 0.09371
443 38.79511 48.01038 0.29142 0.44756
444 87.64773 7.65057 -0.01769 -0.37823
445 80.31640 28.49366 -0.51797 0.20907
446 51.34604 6.42945 -0.21749 -0.29440
447 3.00914 17.29313 -0.36612 0.33874
448 32.44151 16.96055 -0.60527 -0.17665
449 22.81579 3.24816 0.07202 -0.49158
450 47.36180 8.54125 0.48677 -0.33930
451 32.10698 39.83799 -0.33164 0.35091
452 80.95366 29.68289 0.35450 -0.32927
453 60.38387 27.96348 0.02069 -0.54978
454 84.16067 9.29571 -0.56742 -0.11885
455 26.33251 38.97995 -0.15937 -0.45696
456 93.78265 25.06795 -0.55790 -0.07935
457 90.07789 16.70833 -0.40915 -0.30033
458 10.14068 6.37093 0.36874 -0.06297
459 53.65207 38.16212 0.25034 0.34724
460 6.46433 26.63480 -0.37149 0.38442
461 42.62744 17.27391 -0.31191 -0.41447
462 57.93907 32.45371 0.49410 -0.15177
463 96.62483 22.25393 0.38250 -0.18837
464 22.07727 45.60706 0.05317 0.59621
465 17.16403 3.63440 -0.17674 0.34622
466 44.42871 47.33573 -0.60772 -0.00244
467 95.00282 28.35507 -0.06995 -0.38089
468 18.08067 27.04980 0.56980 -0.11017
469 31.87845 5.55499 0.15426 -0.34067
470 23.41828 25.75188 0.45048 0.17876
471 83.42190 9.19706 -0.32867 0.29012
472 65.25784 29.14630 0.19597 0.56826
473 27.55287 12.98846 -0.02072 -0.42393
474 76.40930 44.66462 0.19986 0.34675
475 58.99038 31.29197 -0.34231 -0.50830
476 20.54094 47.83716 -0.63984 -0.11322
477 54.25074 20.63691 0.49775 -0.36895
478 75.78145 16.59397 -0.51960 0.21092
479 8.58815 32.87987 -0.36677 -0.35433
480 41.67043 2.82978 -0.31296 -0.32898
481 31.74075 34.72776 -0.07536 0.40821
482 15.15837 17.41119 -0.21888 -0.32646
483 34.45317 18.67119 0.19105 -0.29563
484 43.54295 39.18530 -0.38142 -0.52336
485 19.05743 33.99416 -0.29888 -0.22256
486 17.82169 40.13060 0.04030 0.56750
487 95.20789 29.91634 -0.25403 0.36617
488 48.04702 27.82357 -0.50511 -0.17482
489 81.50233 3.87127 0.19327 0.35666
490 60.02758 1.23084 -0.15366 -0.61419
491 3.14914 24.90745 -0.49670 -0.18892
492 89.68004 0.29902 0.30025 0.22713
493 35.36354 47.80512 0.42712 0.24909
494 92.02746 25.03808 0.16459 0.53065
495 51.99862 40.75537 0.13286 -0.56551
496 37.04211 43.93335 0.55573 -0.10285
497 23.54981 2.40359 0.25870 -0.40045
498 60.93451 40.11013 -0.04924 -0.56934
499 43.90913 10.47667 -0.22453 0.52855
500 9.22920 4.73340 0.16869 -0.43456
501 0.36352 48.87354 -0.41953 -0.30334
502 75.13968 36.62922 0.03195 -0.44968
503 45.25788 23.02840 -0.29607 0.45948
504 29.42810 41.43632 0.58250 0.25338
505 44.16694 14.75173 0.10117 0.36608
506 84.73682 10.57828 -0.47304 -0.14737
507 0.78690 10.46517 -0.44186 0.11569
508 74.92614 0.30350 0.46686 -0.28227
509 96.98100 21.47476 -0.23068 0.28208
510 46.61997 43.78585 -0.31852 -0.27374
511 67.92587 45.30914 -0.39041 0.49184
512 1.67651 46.44837 -0.46924 0.29196
513 39.16225 3.88433 -0.40090 0.09626
514 63.56950 38.53286 0.24952 -0.27469
515 76.87112 6.23872 0.08230 0.63989
516 90.64775 15.81264 -0.48555 -0.07154
517 54.67662 41.82010 -0.33610 -0.11186
518 69.21543 26.61596 0.22275 0.38218
519 82.64701 33.60342 0.44481 0.21638
520 1.27257 45.02974 0.50820 0.02421
521 88.78665 15.86917 0.02650 -0.46820
522 26.98132 11.29264 0.18317 0.33941
523 29.70629 32.19205 0.38782 0.17491
524 46.56715 0.21273 -0.38665 -0.36385
525 94.63242 38.97401 -0.45217 0.26886
526 37.82349 41.05360 -0.41541 0.16311
527 48.35964 23.68052 -0.33442 0.45471
528 60.66589 9.42329 0.46355 0.42015
529 3.18830 21.44701 -0.01485 0.38930
530 79.15246 9.87712 -0.48324 0.18572
531 83.07607 4.74737 -0.37124 0.00069
532 83.56098 37.53197 0.40514 -0.28715
533 64.79928 30.25707 0.22294 0.40815
534 38.20629 42.77662 0.10315 0.41372
535 9.33007 46.88414 0.54934 -0.01262
536 75.75396 47.37032 -0.27885 0.28956
537 84.50639 0.01617 -0.30095 -0.36633
538 13.33308 37.99430 -0.40732 0.09137
539 57.05585 20.80211 0.25519 -0.55222
540 19.44741 30.97779 -0.54890 -0.03702
541 32.09152 9.38252 0.49900 0.10734
542 70.79300 44.59222 0.38658 0.12968
543 47.46763 36.89163 -0.31231 -0.46819
544 31.64090 8.21150 -0.05183 -0.41297
545 92.29157 7.14142 -0.42498 0.02615
546 27.96259 26.96384 -0.52781 -0.29788
547 11.67659 13.69625 0.17198 -0.45368
548 71.44837 45.13951 -0.39485 0.04193
549 22.23794 28.31345 0.26599 -0.52200
550 25.65648 47.93741 0.30640 0.38587
551 6.06160 49.79667 0.33080 -0.31540
552 21.53678 29.81719 -0.33355 -0.49160
553 77.63571 19.63854 0.24021 -0.43745
554 64.67419 7.02983 0.42987 0.13752
555 34.89289 24.20959 -0.02316 0.59665
556 40.69090 28.49367 0.37003 0.38787
557 56.28005 15.94078 0.21311 -0.29151
558 57.55068 25.52553 -0.57523 -0.17699
559 0.65401 13.51945 0.12304 0.48845
560 35.75119 44.65306 0.46500 0.24718
561 25.12584 36.17061 0.13060 -0.50486
562 63.46919 45.28367 -0.07558 0.38621
563 33.91731 18.78772 -0.04491 0.44050
564 4.64682 7.69755 -0.11779 0.37106
565 89.09273 47.04132 -0.26121 0.23481
566 96.95328 32.63495 0.04269 -0.42008
567 72.55636 15.45277 0.38861 -0.48103
568 80.29463 27.82713 -0.32794 -0.52790
569 78.90515 27.94409 -0.04309 -0.62507
570 46.93152 11.37011 -0.50580 -0.39637
571 90.51864 8.58033 -0.28263 -0.36456
572 38.91604 47.53050 0.27645 -0.22842
573 98.52532 27.74983 0.20939 -0.42816
574 27.80568 44.20837 -0.27788 0.30472
575 50.76476 42.66205 0.16610 -0.41253
576 96.78716 36.31731 -0.30378 -0.18723
577 41.91372 14.58463 0.47313 0.05017
578 56.81568 26.86674 0.29078 -0.27182
579 62.68743 44.35307 -0.04312 0.43656
580 21.09741 32.72144 0.53918 -0.23035
581 14.94622 19.95714 -0.44121 -0.00513
582 44.39941 45.45853 -0.40284 -0.50061
583 47.98992 14.26247 -0.39504 -0.16650
584 10.98572 24.70953 -0.46951 -0.25969
585 37.53373 24.33486 0.50438 0.10923
586 99.89978 35.43241 -0.37710 0.29884
587 81.95935 19.10276 0.05435 -0.36153
588 29.57197 3.91825 -0.26418 -0.41959
589 20.92143 41.53294 0.50952 0.26051
590 71.45616 13.34675 -0.14724 0.48461
591 70.68744 28.34095 0.49318 0.35864
592 40.00236 1.97899 -0.42991 0.04584
593 46.23171 48.91210 -0.62768 -0.07436
594 23.71231 7.65848 0.21683 -0.48645
595 1.59458 36.68444 0.31998 -0.52165
596 32.83081 45.57557 -0.03225 0.59356
597 71.57663 29.10504 0.10416 -0.45491
598 25.37643 22.22199 0.37906 0.23240
599 50.57370 47.63918 -0.62684 0.15683
600 38.48926 2.25124 -0.32543 0.44018
601 72.32177 36.39777 0.41630 -0.11835
602 68.49422 32.20638 -0.00956 0.36366
603 29.64352 40.62776 -0.07689 0.43110
604 25.04668 17.39939 -0.44631 0.34848
605 39.34587 37.93974 -0.34317 -0.24765
606 59.89042 22.89105 0.10269 -0.59933
607 62.92703 19.75293 0.56364 0.02526
608 44.58296 37.85966 -0.57786 0.10047
609 15.63075 37.01819 0.04179 0.41447
610 35.56822 19.58602 0.39127 -0.00474
611 57.16728 8.80133 0.43790 -0.32486
612 25.21422 46.65485 0.46259 0.03335
613 59.99644 47.65330 -0.04225 0.51165
614 2.01762 34.10551 -0.27355 -0.48651
615 7.25110 0.92986 -0.38519 -0.06012
616 65.08594 32.62651 -0.39763 -0.16435
617 21.31861 48.20651 0.20341 0.33509
618 50.29293 14.89458 0.39215 0.16855
619 85.53178 18.40163 -0.38542 0.23983
620 66.59900 39.91920 -0.45163 -0.11594
621 55.01752 16.12828 0.14697 0.52157
622 28.40622 20.33171 0.48637 0.15324
623 41.75155 27.61846 0.44869 -0.11684
624 93.59028 4.15914 -0.43590 0.00509
625 34.34391 10.15822 0.23015 0.46209
626 46.95048 29.91515 -0.49451 0.31865
627 28.13759 43.52705 0.39603 0.00903
628 54.68968 37.47130 0.55394 -0.00188
629 95.64048 14.29783 0.44732 0.21227
630 70.20637 41.99742 -0.48721 -0.40980
631 96.21015 44.48518 -0.05791 0.55162
632 41.53313 5.23969 -0.12059 -0.33766
633 96.62334 7.80007 -0.32191 0.46004
634 83.27826 48.84027 0.35639 0.28386
635 10.88094 5.08301 0.47728 0.33983
636 16.57681 47.89814 -0.06060 -0.54053
637 15.64765 15.61329 -0.13370 0.39556
638 34.86275 46.59371 -0.35242 -0.08317
639 93.64664 34.26163 0.36977 -0.13164
640 40.41553 19.86790 0.46608 0.14827
641 32.97989 3.45597 -0.35083 -0.41489
642 65.10984 46.83438 0.18924 -0.34907
643 32.53042 1.31582 -0.60890 0.07733
644 75.15262 25.26462 -0.04210 0.38592
645 55.25834 37.03807 -0.15937 0.44745
646 35.86607 47.36636 -0.36115 0.20025
647 47.84772 29.92295 -0.25796 -0.26147
648 49.86282 7.13359 -0.18828 0.46848
649 11.36537 26.02147 0.24586 -0.49852
650 99.41745 8.73404 0.24759 -0.29485
651 53.92783 9.95400 -0.23055 -0.40412
652 68.82908 32.50266 0.46747 -0.10697
653 48.81498 9.37055 0.54787 0.20013
654 33.80540 45.76574 0.32585 -0.34526
655 37.47052 14.67046 -0.53810 -0.18924
656 29.72254 22.45676 0.37937 0.16403
657 71.06004 16.44201 0.13356 -0.59385
658 10.90135 15.85481 -0.44251 -0.07782
659 15.23214 37.22130 -0.39266 -0.20488
660 52.68680 14.86665 0.09080 -0.38423
661 78.54246 2.20563 -0.26819 0.25761
662 64.83232 32.26872 0.23427 -0.30084
663 1.14426 16.02003 0.44125 -0.01223
664 48.26960 49.92964 -0.24408 -0.43447
665 56.50083 13.33768 0.54745 -0.20720
666 93.73945 47.88693 -0.33018 -0.16169
667 80.76335 37.72903 -0.43108 0.33282
668 91.02610 17.23606 -0.51040 0.34129
669 8.00868 3.11781 0.44263 0.16302
670 19.80165 8.84006 -0.00483 0.48181
671 67.03846 10.72266 0.42091 -0.34669
672 6.31208 28.80316 -0.37947 -0.27852
673 0.60632 10.78280 0.25957 -0.59538
674 10.76052 38.37255 -0.31956 0.26590
675 42.02947 41.89587 0.14104 -0.36054
676 66.42500 28.40548 0.14716 -0.37740
677 76.41058 33.66341 0.12917 -0.33333
678 61.90571 26.04034 -0.14285 0.38607
679 17.48211 31.19313 -0.38423 -0.34334
680 2.58183 13.41762 0.34687 -0.04881
681 31.61456 8.14711 -0.32628 -0.32042
682 3.31375 21.08575 -0.45425 -0.29339
683 11.64778 0.48579 -0.50264 -0.16644
684 69.36963 43.87423 -0.29276 -0.30314
685 3.00411 32.16190 -0.41716 -0.22759
686 14.13982 47.56373 -0.33829 0.29565
687 73.26863 47.55034 -0.40168 -0.36151
688 70.47297 0.90680 0.11232 -0.45163
689 43.55185 18.46823 0.04903 -0.62750
690 31.95527 1.06627 0.45175 0.09056
691 47.59969 5.11637 -0.38335 0.13543
692 76.24065 11.27610 -0.43103 0.39623
693 50.32509 23.12197 0.06391 -0.52929
694 48.32820 26.13493 -0.31798 -0.55708
695 48.75910 13.30803 -0.40762 -0.23578
696 33.19369 23.95349 -0.31755 -0.17058
697 99.55920 38.98294 -0.03889 0.44288
698 87.18453 31.06751 0.47149 0.13249
699 61.76414 21.35794 0.30418 -0.45255
700 52.50380 27.55862 -0.43500 -0.06409
701 97.82999 27.90997 -0.40833 -0.39051
702 74.33830 27.27731 0.35188 -0.16418
703 12.44257 7.98141 -0.32748 0.32614
704 95.06456 21.14083 -0.07805 0.53535
705 46.96798 6.25896 -0.01778 0.35204
706 94.88974 0.19958 -0.42781 -0.12721
707 70.63765 33.77316 -0.36157 0.28676
708 47.82457 10.02462 -0.36228 -0.03082
709 64.92776 6.47965 -0.04916 -0.62260
710 76.35549 10.07731 0.03168 0.46180
711 98.60761 13.62652 0.45438 0.00159
712 53.30070 12.44052 0.35341 0.31354
713 91.45824 40.41902 -0.13402 0.56736
714 42.94873 1.35344 0.27453 0.21982
715 95.42824 18.81636 0.48730 0.01587
716 82.06231 21.09956 0.11661 0.33666
717 15.27439 24.17560 0.35353 -0.12434
718 54.18297 23.66836 -0.00429 -0.49331
719 14.56671 33.60991 0.39844 -0.39117
720 67.69010 28.59895 0.56254 -0.16767
721 23.56182 5.97408 -0.08413 -0.53805
722 32.11928 27.93133 0.01238 -0.53319
723 54.68731 49.18489 -0.42193 -0.45667
724 45.22169 45.57542 0.20860 -0.54481
725 3.21695 20.01515 -0.25215 -0.25470
726 82.51709 39.56643 -0.37909 -0.43224
727 88.40254 36.59725 -0.59680 0.18562
728 69.21739 35.81930 0.50717 0.08749
729 92.14437 7.38754 -0.10060 -0.46452
730 6.64381 2.91735 0.23117 -0.56667
731 52.77324 33.12517 0.29343 -0.28488
732 96.42443 46.82020 -0.13093 0.33995
733 34.86150 34.46775 0.16828 0.48264
734 43.19057 20.42047 -0.23173 0.48611
735 69.64766 45.34623 0.07633 -0.42865
736 16.61932 2.93591 -0.40579 -0.14346
737 98.13092 12.66061 -0.02949 -0.57131
738 21.28232 42.03692 -0.30301 -0.21105
739 77.63923 28.61643 -0.04801 0.55170
740 36.94412 40.93736 0.35918 -0.34558
741 81.91768 24.35479 -0.55977 -0.32441
742 29.56008 42.16250 -0.61249 0.14578
743 40.93477 13.45113 -0.40462 -0.00872
744 80.87700 5.14265 -0.30639 0.40502
745 79.88199 16.88097 0.44189 0.01567
746 1.45319 16.73818 -0.35138 -0.16993
747 5.14875 27.85301 -0.26698 0.38587
748 74.83620 38.40752 -0.15043 0.48402
749 32.59472 21.24437 -0.59152 -0.09353
750 16.32531 26.26516 0.13114 -0.54542
751 29.50475 39.73660 0.40791 -0.21807
752 2.33680 41.73497 0.06186 -0.57180
753 80.72600 34.10351 0.41049 0.13414
754 61.70401 37.26411 0.27601 -0.48916
755 14.77093 25.40971 0.41692 -0.41238
756 60.73234 19.40870 -0.45091 0.38766
757 22.97340 32.82221 0.61312 0.00108
758 63.58852 32.46459 0.59121 0.14085
759 1.26493 37.55611 -0.10932 -0.34614
760 26.12510 19.96283 0.39047 -0.17902
761 96.26391 43.01567 -0.19501 0.58070
762 61.87250 22.86237 0.43604 -0.23578
763 64.09508 19.33856 0.44781 -0.16770
764 80.42817 6.63437 0.44232 0.01145
765 95.12423 0.92050 -0.41031 -0.05526
766 52.53302 34.80046 0.41318 0.02899
767 42.51901 5.26928 0.01369 -0.41202
768 51.29719 16.29877 0.32861 0.30457
769 72.76442 9.29942 -0.25838 0.44030
770 71.93972 8.71618 0.40312 0.37196
771 38.77691 3.13318 0.56586 -0.10453
772 15.09891 29.72475 0.45000 0.32104
773 78.99008 18.35083 0.50450 0.08254
774 91.30924 21.13762 0.05369 -0.38293
775 0.17740 10.64016 0.16061 -0.45574
776 94.00712 38.47247 0.37843 -0.35612
777 37.49229 25.87723 -0.14873 0.38377
778 71.23404 38.09758 0.02328 -0.57536
779 73.63853 2.11130 -0.01214 0.39903
780 12.20546 24.53423 -0.25842 0.41039
781 28.93032 44.00370 0.00110 0.44078
782 23.16024 44.19504 -0.02884 0.40896
783 85.57583 30.62787 0.56247 -0.23746
784 0.94964 48.58110 0.37184 -0.02405
785 34.74640 6.47932 0.05222 -0.50776
786 13.02494 1.36936 -0.33642 0.54021
787 49.49437 31.32016 0.30675 -0.36281
788 68.43791 32.41372 0.06756 -0.38208
789 98.39036 48.43531 -0.59371 0.16552
790 27.60674 27.63749 -0.27571 -0.43461
791 51.12172 32.93674 -0.04147 -0.48740
792 49.89703 10.54484 -0.16990 -0.32383
793 12.87973 22.85479 0.26924 -0.31827
794 7.83633 34.44584 -0.11123 0.49537
795 54.47108 2.74568 -0.05476 -0.57804
796 33.14130 4.37766 -0.57737 -0.00241
797 28.37442 44.03044 0.03386 -0.52142
798 71.03086 18.16174 -0.57593 0.18249
799 12.45526 28.89590 -0.40653 0.48891
800 43.82637 14.47617 0.38188 0.14508
801 19.75312 27.36417 0.32810 -0.26883
802 26.94092 20.67457 0.26475 0.46980
803 17.97250 32.95886 -0.43785 0.20773
804 45.54617 47.62149 0.37097 -0.01635
805 58.94266 15.39790 -0.21203 -0.28828
806 93.26077 13.66215 -0.13934 0.44261
807 39.51395 16.71464 -0.32809 -0.43528
808 59.10898 39.01069 0.43501 0.17381
809 89.30526 37.38216 0.36635 0.31233
810 13.96226 0.86609 -0.59703 0.24986
811 20.39235 34.19253 0.20462 0.40736
812 7.33083 41.81469 -0.27117 0.37258
813 70.40303 6.49609 0.35906 0.15369
814 9.25722 33.83492 0.29519 -0.44151
815 52.89772 36.59569 0.33729 0.25547
816 95.75822 1.95488 0.04549 -0.47038
817 88.26548 22.56268 0.01783 0.53578
818 19.80932 15.08168 0.03534 0.43150
819 49.60529 10.79946 0.44460 0.43365
820 91.37640 26.97467 -0.26368 0.31320
821 18.32753 9.90030 -0.31367 -0.16731
822 97.58604 43.16089 -0.38516 -0.31219
823 29.17952 3.84648 0.00354 0.40296
824 81.70283 19.02355 0.39800 -0.22652
825 34.11823 40.81540 0.56852 0.07739
826 49.22295 20.05701 -0.58867 0.25977
827 84.28699 22.76420 -0.25426 0.26616
828 19.74807 13.16987 -0.27222 -0.38428
829 64.05917 33.66320 -0.01328 0.52007
830 10.48123 22.31450 -0.26731 0.50721
831 9.40358 3.34219 0.48724 0.05152
832 52.67415 36.96665 0.10247 0.56540
833 48.52194 47.36895 -0.60785 -0.06251
834 94.86464 21.68091 0.50233 -0.31268
835 87.89869 15.60118 -0.42079 -0.18584
836 25.57862 23.24749 0.34652 0.41025
837 48.05748 34.63005 -0.34845 -0.14650
838 87.45264 27.78781 0.12477 0.42526
839 12.33376 9.40924 -0.56612 -0.18378
840 49.33186 10.27135 0.56181 0.07542
841 40.21623 9.87881 0.12612 0.46406
842 23.55151 6.90085 -0.55314 0.17898
843 18.22778 46.63808 0.36007 0.10735
844 98.94833 41.18834 -0.34119 0.30766
845 62.26070 4.87006 -0.01116 0.37083
846 97.38445 6.19125 -0.12344 -0.33147
847 34.62865 33.67947 0.09092 -0.61326
848 89.90437 45.22965 -0.14699 -0.40397
849 52.65001 48.08509 0.28309 0.31098
850 67.96590 17.34009 0.32651 -0.33364
851 17.25386 48.72897 -0.50158 0.32917
852 46.29869 9.08067 -0.44639 0.06930
853 44.19329 44.66137 0.38058 -0.41610
854 25.97701 49.21479 0.20216 0.56328
855 35.11846 26.31504 -0.56324 0.11759
856 52.12878 19.90406 0.12679 -0.49613
857 22.00768 32.68434 -0.24939 -0.42145
858 12.50123 38.11436 0.61373 0.02752
859 44.17618 14.71660 0.36288 0.10249
860 71.76737 23.59342 -0.34533 -0.26393
861 93.06426 2.28066 0.53028 0.03712
862 13.09493 30.86250 0.34012 0.14669
863 56.95592 9.07196 -0.38351 0.24114
864 15.08931 45.80730 -0.32883 -0.18100
865 82.98006 37.97533 -0.12761 0.42475
866 71.38770 29.38482 0.39942 -0.18331
867 36.47425 22.05564 0.19915 0.32808
868 43.82618 14.16853 -0.46146 0.24971
869 17.25005 25.12140 0.47389 0.34845
870 80.74778 10.05610 -0.41362 -0.48959
871 72.46501 5.26271 -0.47211 -0.24743
872 20.34517 20.28585 0.24140 -0.47022
873 4.96911 48.67761 0.57693 -0.27635
874 36.44629 31.91472 0.35611 0.44354
875 14.83055 39.24506 0.08230 0.40489
876 27.25795 44.27136 -0.27502 0.37096
877 53.65623 7.70002 0.58531 0.05336
878 83.59373 30.70011 -0.33642 0.26017
879 45.06470 19.17399 -0.03924 0.47813
880 33.64270 41.85665 0.54660 0.08116
881 86.59056 30.19466 -0.12517 -0.57363
882 67.59109 5.98467 0.53953 0.34631
883 95.22215 25.83097 0.17394 0.55404
884 41.60497 39.57682 -0.23096 0.30096
885 34.72286 35.87230 0.09066 0.44154
886 45.38429 11.37559 -0.45986 -0.08282
887 28.46706 47.53243 -0.00434 -0.49000
888 71.48985 46.19039 0.22390 -0.32995
889 19.21077 38.76798 -0.23968 0.44308
890 90.02090 11.81514 -0.36187 -0.23421
891 81.35866 48.41359 -0.15268 -0.31855
892 87.21603 28.08901 -0.38039 -0.10399
893 69.00899 19.30131 -0.38851 -0.46310
894 34.32700 0.93086 -0.13237 -0.34230
895 11.44671 44.19196 0.34336 -0.39848
896 30.95580 20.29478 -0.18586 -0.44245
897 92.60402 5.39226 0.26230 -0.49949
898 76.63712 0.11534 0.30817 0.41289
899 49.28494 14.62078 0.54944 0.23310
900 80.72145 13.85533 0.11555 0.38753
901 26.14357 16.28964 0.62177 -0.14022
902 29.51213 49.44340 -0.14315 -0.52063
903 70.46042 3.74983 0.30970 0.52659
904 19.50084 21.77790 -0.01161 0.59963
905 35.03776 32.67614 -0.02610 -0.40723
906 85.40771 23.54202 0.14955 -0.48767
907 26.34467 15.54381 -0.43241 -0.35761
908 57.72933 45.47534 -0.38407 0.18942
909 91.33120 16.42386 -0.37681 0.04683
910 99.43379 9.11290 0.39716 0.20747
911 4.72793 35.08434 0.13186 0.56918
912 61.70909 16.37812 0.38804 -0.12804
913 75.81202 18.71556 -0.34010 -0.12557
914 27.15117 44.13027 -0.35734 -0.02307
915 57.28984 34.22981 -0.09006 0.53050
916 60.31468 21.36497 0.21126 0.38054
917 60.41720 27.18296 -0.34959 0.12595
918 49.54227 5.62235 -0.34585 -0.08462
919 53.46042 38.47146 -0.05852 0.47366
920 4.70836 46.91019 -0.53670 -0.22349
921 80.19139 45.58831 0.35893 0.04215
922 50.97575 35.18463 0.20630 0.35517
923 4.21157 1.73646 -0.55716 -0.14799
924 15.70324 10.23481 -0.07989 -0.56191
925 78.34545 4.73847 0.24199 0.58647
926 62.19218 6.88671 -0.35659 0.35517
927 56.05527 44.96760 -0.28320 -0.44572
928 95.48071 34.09606 -0.45839 0.06183
929 57.16059 43.11252 0.47317 0.04323
930 51.11173 46.76224 0.34911 0.30373
931 6.16292 18.73730 -0.39466 0.13244
932 9.36738 44.73335 -0.22644 0.44164
933 15.91693 20.86259 0.44931 -0.14281
934 87.14439 17.30594 0.31951 -0.51795
935 66.75202 32.08929 0.28103 0.26156
936 19.70452 26.52675 -0.16578 0.44262
937 82.26694 15.46564 0.06008 -0.62415
938 78.13743 0.36389 0.52754 0.18351
939 38.51939 22.92017 -0.23812 -0.31174
940 74.47845 26.71787 -0.30068 -0.52848
941 48.19193 1.15664 0.05780 0.51728
942 14.40747 21.44954 -0.27260 0.41363
943 32.21030 1.09850 0.37489 -0.39664
944 20.46983 30.40780 -0.28052 0.50240
945 87.73571 27.44637 -0.07070 -0.58431
946 63.02972 24.68947 -0.37177 0.44405
947 61.78833 6.78650 -0.62126 -0.09705
948 92.68363 13.60225 -0.28595 -0.22721
949 99.14213 15.64973 0.37357 -0.23563
950 20.66906 29.05085 -0.09535 -0.61612
951 21.78864 7.84441 -0.55930 0.25550
952 89.67207 13.61197 -0.49923 0.09844
953 54.69872 28.04152 0.40740 0.17415
954 3.98180 38.29339 0.34432 0.12471
955 56.28977 46.51333 -0.17654 -0.54727
956 63.24617 37.66110 -0.29632 0.39063
957 34.73286 14.93938 -0.15580 0.41928
958 64.28791 18.35503 -0.54352 0.33831
959 24.26556 12.84313 0.44253 0.40918
960 7.91614 24.20460 -0.40335 0.46552
961 54.79968 4.14166 0.42385 -0.08988
962 2.15528 27.54467 -0.28733 0.53600
963 22.52185 47.55235 -0.36712 0.08611
964 83.00853 43.22027 0.63486 0.00326
965 11.59616 7.04952 0.30556 -0.43111
966 68.38213 30.33382 0.16235 0.34507
967 26.04184 18.57933 0.26150 -0.34465
968 80.12691 48.39580 -0.60376 -0.04800
969 34.08943 49.88570 0.47511 0.03490
970 36.63879 7.22970 -0.16271 -0.49777
971 42.21216 1.98622 -0.33658 -0.10335
972 23.59546 35.56582 0.22976 0.29285
973 91.29381 8.86686 -0.58675 -0.23180
974 68.22909 4.49697 -0.28720 -0.32036
975 22.93332 8.67594 0.02973 -0.60919
976 95.88815 29.51351 0.31859 0.45020
977 34.47930 46.32214 0.34641 0.24841
978 55.24593 45.75778 0.03176 0.38584
979 62.49743 11.68777 -0.46282 -0.31231
980 27.20522 12.44731 -0.41391 0.24686
981 41.53380 31.76638 0.26908 -0.43501
982 14.71947 9.57345 -0.31603 -0.54943
983 88.89183 48.22736 0.16366 0.32193
984 86.29519 42.16760 0.42729 -0.17800
985 53.78406 25.68599 0.59525 0.13235
986 66.17992 31.71502 -0.34130 -0.46486
987 76.16121 23.25203 0.15555 -0.33804
988 17.84739 48.73066 -0.25091 -0.59470
989 37.53749 20.59569 -0.13954 0.60941
990 68.60447 31.45553 -0.54803 -0.27088
991 61.31085 21.86020 0.56930 0.12625
992 96.41138 43.67028 -0.41685 0.44415
993 20.96385 18.09892 0.43359 -0.08634
994 58.68029 24.10573 -0.17399 -0.52130
995 26.42947 16.12753 -0.22940 -0.59545
996 19.39053 36.26838 0.46651 0.18157
997 32.33275 18.53104 0.19616 0.31048
998 64.89013 7.59272 -0.04528 -0.36932
999 23.50977 27.27141 0.22373 -0.58733
